nan
nan
nan
nan
nan
402998264.442382812500000
nan
nan
nan
nan
403010800.292480468750000
nan
nan
nan
403024892.720703125000000
nan
nan
nan
nan
nan
nan
nan
nan
nan
nan
nan
nan
nan
nan
nan
nan
nan
nan
nan
nan
nan
nan
nan
402855037.260253906250000
nan
nan
nan
nan
nan
nan
nan
nan
nan
403599758.802246093750000
nan
nan
nan
nan
nan
nan
404315703.488281250000000
nan
nan
nan
405281881.513671875000000
nan
nan
nan
406036675.985839843750000
nan
nan
406817837.984863281250000
407297210.694335937500000
nan
nan
408170396.492675781250000
408461502.174316406250000
408798323.772460937500000
nan
nan
409800591.810546875000000
410147980.688964843750000
410477764.382324218750000
410861356.156250000000000
411028442.798828125000000
411562924.843261718750000
411973006.616210937500000
412351381.208007812500000
412740295.864746093750000
413129797.610839843750000
413524817.920410156250000
413925900.534667968750000
414331358.365234375000000
414743593.998046875000000
415161492.807128906250000
415550040.148925781250000
416015240.641113281250000
416438482.063964843750000
416910443.466796875000000
417330378.701171875000000
417837426.976562500000000
418317115.089843750000000
418803015.890625000000000
419305240.680175781250000
419815883.311523437500000
420342421.174804687500000
420878025.405761718750000
421428818.458984375000000
421991066.277832031250000
422568144.062011718750000
423159061.693847656250000
423763865.989257812500000
424385860.227050781250000
425014765.340820312500000
425663786.458007812500000
426323234.990722656250000
427001649.355468750000000
427688321.098144531250000
428389449.833496093750000
429108416.856445312500000
429836820.133300781250000
430584846.714355468750000
431337291.094238281250000
432100636.284179687500000
432880710.936035156250000
433672012.314941406250000
434469028.332031250000000
435270954.266601562500000
436096354.364746093750000
436916367.201171875000000
437768040.484863281250000
438606634.940917968750000
439458402.955566406250000
440304290.969726562500000
441178460.735351562500000
442049583.504394531250000
442927218.140136718750000
443810282.503417968750000
444702286.981933593750000
445599363.777832031250000
446495698.763671875000000
447403475.783691406250000
448316841.935546875000000
449224059.042968750000000
450165543.363769531250000
451100226.712402343750000
452035480.123046875000000
452988073.082031250000000
453931403.185058593750000
454916017.767578125000000
455891670.798828125000000
456862835.718750000000000
457881786.344726562500000
458899194.435058593750000
459924296.839843750000000
460968162.956542968750000
462029958.361328125000000
463097137.187988281250000
464177424.524902343750000
465303513.912109375000000
466454294.684082031250000
467599249.693359375000000
468772971.339843750000000
469977845.439453125000000
471208006.353515625000000
472464874.926757812500000
473742629.194335937500000
475046928.963378906250000
476389315.551269531250000
477772890.938964843750000
479182179.681640625000000
480632972.381835937500000
482119893.543457031250000
483644969.368652343750000
485236666.781738281250000
486836288.475097656250000
488509977.038085937500000
490252789.635742187500000
492030334.677246093750000
493877390.884277343750000
495794667.345214843750000
497846686.145507812500000
499944661.148925781250000
502149183.612304687500000
504451164.788085937500000
506889934.562988281250000
509484003.076660156250000
512212406.090332031250000
515091922.688964843750000
518147097.168945312500000
521418743.648925781250000
524931872.265136718750000
528678277.004394531250000
532657404.353515625000000
537003574.326171875000000
541625079.780761718750000
546627393.742675781250000
552013435.427734375000000
557832038.761718750000000
564169562.154785156250000
570959969.413085937500000
578360181.078613281250000
586381696.172363281250000
595083243.479980468750000
604550571.937500000000000
614824182.653808593750000
625985357.739746093750000
638171714.843750000000000
651396717.378906250000000
665814314.946777343750000
681513413.132324218750000
698631002.852539062500000
717286506.412109375000000
737640434.239746093750000
759829459.962402343750000
784049642.570312500000000
810465782.976562500000000
839279651.270996093750000
870740150.311523437500000
905066189.167968750000000
942550566.986328125000000
983426761.599121093750000
1028062375.863281250000000
1076837655.299804687500000
1130081132.495117187500000
1188178723.822753906250000
1251613935.272460937500000
1320854307.916503906250000
1396439070.745605468750000
1478957851.118652343750000
1569006626.336914062500000
1667322047.185546875000000
1774612686.024902343750000
1891723900.647949218750000
2019532818.711425781250000
2159003009.373535156250000
2311194573.433105468750000
2477256370.747558593750000
2658435969.493652343750000
2856069530.360351562500000
3071651397.991699218750000
3306796396.722167968750000
3563231823.520019531250000
3842841649.715820312500000
4147682035.505859375000000
4479953508.714843750000000
4842117449.800781250000000
5236684541.329101562500000
5666480710.180175781250000
6134579035.786621093750000
6644169269.787109375000000
7198783036.557617187500000
7802170129.639648437500000
8458383764.198730468750000
9171765280.490234375000000
9946909374.328125000000000
10788710080.351074218750000
11702537465.069824218750000
12693910478.614746093750000
13768798715.330078125000000
14933547479.664062500000000
16194821024.522949218750000
17559709878.184082031250000
19035682323.160644531250000
20630574348.613281250000000
22352733879.748046875000000
24210778132.875976562500000
26213896109.444824218750000
28371509480.203125000000000
30693689382.130859375000000
33190716151.280761718750000
35873437675.525390625000000
38753063512.547363281250000
41841203241.441894531250000
45149874943.764160156250000
48691509662.541015625000000
52478849951.805175781250000
56525094828.099609375000000
60843675611.207031250000000
65448342766.268554687500000
70353179194.689941406250000
75572398941.970703125000000
81120494826.924316406250000
87012062899.616699218750000
93261851427.086914062500000
99884479918.346679687500000
106894691687.543945312500000
114307123257.390625000000000
122136211237.094726562500000
130396097302.885742187500000
139100684352.436523437500000
148263416354.825195312500000
157897234777.454101562500000
168014535825.022949218750000
178627018995.313476562500000
189745632141.602539062500000
201380480666.875488281250000
213540710330.805175781250000
226234480398.629882812500000
239468812112.444091796875000
253249561433.889160156250000
267581330518.310546875000000
282467399254.524658203125000
297909663678.624023437500000
313908601541.627685546875000
330463188555.871582031250000
347570885469.226074218750000
365227621853.735595703125000
383427760265.285400390625000
402164121418.916015625000000
421427985087.498535156250000
441209128458.992187500000000
461495852948.777587890625000
482275088209.989501953125000
503532460946.937744140625000
525252399332.157470703125000
547418198843.302246093750000
570012188711.422607421875000
593015859558.411621093750000
616410001265.526855468750000
640174840572.768066406250000
664290194266.985839843750000
688735620125.831054687500000
713490578250.858398437500000
738534610738.469726562500000
763847490091.788818359375000
789409463312.981445312500000
815201442681.557617187500000
841205287101.488281250000000
867404082554.600585937500000
893782459985.681640625000000
920326948201.615478515625000
947026328851.740234375000000
973871989235.095947265625000
1000858256773.777099609375000
1027982684052.447265625000000
1055246249293.667968750000000
1082653482772.208007812500000
1110212434260.263183593750000
1137934498348.880615234375000
1165834097363.421630859375000
1193928161443.049316406250000
1222235453761.430175781250000
1250775722121.866455078125000
1279568695692.133544921875000
1308632963267.132324218750000
1337984753327.185058593750000
1367636663758.215332031250000
1397596399503.919189453125000
1427865540669.658935546875000
1458438412909.493896484375000
1489301127521.367675781250000
1520430808093.671142578125000
1551795072272.027832031250000
1583351800671.801269531250000
1615049213165.812011718750000
1646826279737.931640625000000
1678613451832.258300781250000
1710333705961.506591796875000
1741903858390.551025390625000
1773236117133.197021484375000
1804239797644.402832031250000
1834823150585.591308593750000
1864895220625.633300781250000
1894367668965.135742187500000
1923156480652.470458984375000
1951183510274.134277343750000
1978377809108.697753906250000
2004676692902.948242187500000
2030026541117.811523437500000
2054383306818.260009765625000
2077712751063.245605468750000
2099990416950.307617187500000
2121201372045.558837890625000
2141339748573.038818359375000
2160408126075.732666015625000
2178416788751.265380859375000
2195382900268.611328125000000
2211329629304.382324218750000
2226285258707.336425781250000
2240282305201.845214843750000
2253356672105.734375000000000
2265546851715.991699218750000
2276893190566.998535156250000
2287437224713.734375000000000
2297221090129.416015625000000
2306287008849.828125000000000
2314676849503.967285156250000
2322431759310.517578125000000
2329591861969.147949218750000
2336196017409.779785156250000
2342281635824.147460937500000
2347884540512.006835937500000
2353038873059.949707031250000
2357777035065.768066406250000
2362129660576.975585937500000
2366125614351.633300781250000
2369792011006.370117187500000
2373154251138.502441406250000
2376236070644.339843750000000
2379059600046.855468750000000
2381645431252.172851562500000
2384012689327.836914062500000
2386179107419.587402343750000
2388161103223.982910156250000
2389973855766.277343750000000
2391631381404.064941406250000
2393146608240.047851562500000
2394531448402.579589843750000
2395796867625.664550781250000
2396952951882.234863281250000
2398008970800.699707031250000
2398973437764.561523437500000
2399854166600.158691406250000
2400658324892.261230468750000
2401392483954.126464843750000
2402062665527.969726562500000
2402674385315.532226562500000
2403232693486.158691406250000
2403742212287.206542968750000
2404207170898.825195312500000
2404631437687.437500000000000
2405018550014.693359375000000
2405371741752.587402343750000
2405693968639.597656250000000
2405987931643.780273437500000
2406256098450.921386718750000
2406500723224.349121093750000
2406723864754.762695312500000
2406927403124.242675781250000
2407113054992.166015625000000
2407282387614.346191406250000
2407436831689.299316406250000
2407577693127.306152343750000
2407706163827.062500000000000
2407823331538.655273437500000
2407930188890.624023437500000
2408027641645.145996093750000
2408116516248.868164062500000
2408197566734.507812500000000
2408271481030.979003906250000
2408338886728.309570312500000
2408400356345.251953125000000
2408456412141.492675781250000
2408507530512.368164062500000
2408554146002.442382812500000
2408596654970.380371093750000
2408635418934.407226562500000
2408670767626.940917968750000
2408703001782.328613281250000
2408732395681.473144531250000
2408759199473.998046875000000
2408783641297.427734375000000
2408805929210.928222656250000
2408826252959.693847656250000
2408844785584.658203125000000
2408861684891.294433593750000
2408877094789.433593750000000
2408891146515.570312500000000
2408903959747.822753906250000
2408915643623.024414062500000
2408926297664.502441406250000
2408936012628.246582031250000
2408944871274.748535156250000
2408952949072.935058593750000
2408960314842.304687500000000
2408967031338.433593750000000
2408973155787.069335937500000
2408978740371.203125000000000
2408983832675.249023437500000
2408988476090.171875000000000
2408992710182.915527343750000
2408996571033.299316406250000
2409000091541.292968750000000
2409003301707.172851562500000
2409006228887.052734375000000
2409008898025.882812500000000
2409011331869.930175781250000
2409013551160.548339843750000
2409015574810.850585937500000
2409017420066.859375000000000
2409019102654.416992187500000
2409020636913.181152343750000
2409022035918.786621093750000
2409023311594.266113281250000
2409024474811.644042968750000
2409025535484.563476562500000
2409026502652.774414062500000
2409027384559.155273437500000
2409028188719.958984375000000
2409028921988.859863281250000
2409029590615.358886718750000
2409030200298.043945312500000
2409030756233.149902343750000
2409031263158.841308593750000
2409031725395.593261718750000
2409032146883.011718750000000
2409032531213.404296875000000
2409032881662.400390625000000
2409033201216.864746093750000
2409033492600.353027343750000
2409033758296.323242187500000
2409034000569.302734375000000
2409034221484.187988281250000
2409034422923.840332031250000
