348.656801790860015
348.656936133455019
348.657083450154460
348.657244992424296
348.657422132140766
348.657616373114706
348.657829363704820
348.658062910623755
348.658318994042929
348.658599784118792
348.658907659065221
348.659245224916617
348.659615337127605
348.660021124179764
348.660466013364555
348.660953758939456
348.661488472858593
348.662074658298081
348.662717246212594
348.663421635173734
348.664193734758726
348.665040012772124
348.665967546600768
348.666984079019244
348.668098078773141
348.669318806283741
348.670656384828874
348.672121877559960
348.673727370719348
348.675486063425183
348.677412364375925
348.679521995819016
348.681832105097328
348.684361384053204
348.687130196518694
348.690160714052297
348.693477059997917
348.697105461829040
348.701074411611557
348.705414834249666
348.710160262987586
348.715347021406672
348.721014410886994
348.727204902199730
348.733964329537741
348.741342084911821
348.749391310409408
348.758169085357338
348.767736604950755
348.778159346427401
348.789507218383505
348.801854688391188
348.815280883692708
348.829869659466624
348.845709629019268
348.862894150293869
348.881521263366153
348.901693574143110
348.923518080351471
348.947105937130857
348.972572161136384
349.000035274014579
349.029616888415603
349.061441242260685
349.095634689720725
349.132325160120160
349.171641598600900
349.213713404667999
349.258669886475843
349.306639749717135
349.357750640042013
349.412128756978461
349.469898555239183
349.531182546154469
349.596101207859135
349.664773007999543
349.737314537415386
349.813840747817778
349.894465281339137
349.979300875305569
350.068459822055729
350.162054461324942
350.260197681824593
350.363003409214912
350.470587059642469
350.583065941224902
350.700559590049295
350.823190032079367
350.951081967479809
351.084362878861327
351.223163069497446
351.367615641339910
351.517856425440073
351.674023879042068
351.836258964109675
352.004705021450491
352.179507653075291
352.360814623183558
352.548775785479620
352.743543041631654
352.945270332861810
353.154113664064425
353.370231157615081
353.593783132222882
353.824932200764408
354.063843379974116
354.310684204077688
354.565624833862614
354.828838152242099
355.100499837070686
355.380788401839993
355.669885194981248
355.967974348913003
356.275242670768250
356.591879467977151
356.918076303591192
357.254026678389096
357.599925639334629
357.955969316756978
358.322354395551145
358.699277528597918
359.086934703319514
359.485520574656107
359.895227779629693
360.316246249937876
360.748762539570748
361.192959184231256
361.649014108303561
362.117100093300962
362.597384319188052
363.090027986859297
363.595186026532872
364.113006893126283
364.643632446052493
365.187197907557220
365.743831890929357
366.313656487804622
366.896787402446250
367.493334120343718
368.103400098642794
368.727082966733803
369.364474726590117
370.015661944051999
370.680725924022624
371.359742864389773
372.052783985331132
372.759915632452817
373.481199353966758
374.216691953797124
374.966445524148298
375.730507462629134
376.508920480482004
377.301722609731542
378.108947218073979
378.930623040977821
379.766774240656844
380.617420501265030
381.482577168784928
382.362255442661478
383.256462624295978
384.165202425173959
385.088475334746249
386.026279045390879
386.978608928989956
387.945458557036659
388.926820253881942
389.922685670872909
390.933046367823806
391.957894387561566
392.997222809243510
394.051026266740053
395.119301419584190
396.202047365738167
397.299265987607271
398.410962225246635
399.537144273372121
400.677823701500472
401.833015499105102
403.002738049982668
404.187013041923990
405.385865319195773
406.599322686216340
407.827415671112192
409.070177257627677
410.327642593169799
411.599848679725710
412.886834053085749
414.188638454406941
415.505302496754098
416.836867328017945
418.183374290601648
419.544864577577926
420.921378884681928
422.312957057520862
423.719637733728291
425.141457980405960
426.578452928012496
428.030655402783395
429.498095560726313
430.980800527145789
432.478794046458972
433.992096147727977
435.520722831821956
437.064685786451321
438.623992135453136
440.198644228699152
441.788639478823654
443.393970250640791
445.014623808641829
446.650582327312407
448.301822968191914
449.968318026600514
451.650035149788039
453.346937626928707
455.058984749929834
456.786132242473855
458.528332753132645
460.285536406847370
462.057691407596224
463.844744683765157
465.646642566623768
467.463331491437430
469.294758710138865
471.140873004158095
473.001625385956515
474.876969778026933
476.766863658582849
478.671268663846774
480.590151137744499
482.523482620878553
484.471240271894885
486.433407215732132
488.409972814739717
490.400932860241483
492.406289683770297
494.426052188857454
496.460235805881325
498.508862373977479
500.571959955328509
502.649562588209278
504.741709985877435
506.848447188755301
508.969824177298392
511.105895452521850
513.256719590408466
515.422358775438170
517.602878317365366
519.798346154273077
522.008832343951553
524.234408544905705
526.475147487868526
528.731122438600096
531.002406653009643
533.289072826171946
535.591192537567281
537.908835695726793
540.242069986343722
542.590960328656024
544.955568345497340
547.335951852706785
549.732164373605087
552.144254683940630
554.572266392074084
557.016237558302691
559.476200356077698
561.952180776615137
564.444198377005932
566.952266070568726
569.476389956862363
572.016569187599089
574.572795863725105
577.145054958210835
579.733324258654648
582.337574323680428
584.957768447289482
587.593862625800398
590.245805522760406
592.913538428177958
595.596995209577699
598.296102253644221
601.010778398575326
603.740934858597484
606.486475143398366
609.247294976424541
612.023282217005203
614.814316792085037
617.620270643901790
620.441007700211912
623.276383873622308
626.126247096233897
628.990437395123763
631.868787013255201
634.761120579207159
637.667255327759108
640.587001371879410
643.520162025156424
646.466534172242973
649.425908683514876
652.398070868975310
655.382800965472711
658.379874650608031
661.389063576285253
664.410135914717216
667.442856909805755
670.486989427157141
673.542294496510976
676.608531841019158
679.685460388550723
682.772838760958507
685.870425737991923
688.977980693227892
692.095263999994359
695.222037405792889
698.358064374206037
701.503110393740030
704.656943253579016
707.819333286886604
710.990053583110921
714.168880171797014
717.355592181639622
720.549971979872794
723.751805298456020
726.960881354731896
730.176992975089433
733.399936730495938
736.629513092388720
739.865526616248417
743.107786158175600
746.356105127028854
749.610301771309196
752.870199496209807
756.135627202392470
759.406419634388499
762.682417723349886
765.963468906499202
769.249427404178050
772.540154435089448
775.835518351154064
779.135394675391126
782.439666029252407
785.748221939782070
789.060958521619341
792.377778034006951
795.698588318353018
799.023302127274064
802.351836361135611
805.684111232681289
809.020049384093682
812.359574983617790
815.702612830434987
819.049087496747461
822.398922534915073
825.752039775027356
829.108358734598824
832.467796157347266
835.830265692508533
839.195677720216963
842.563939322462375
845.934954393388807
849.308623877571222
852.684846120635711
856.063517313360649
859.444532008366082
862.827783687586134
866.213165358945730
869.600570161825885
872.989891962842535
876.381025925972040
879.773869043909258
883.168320620541408
886.564282697379895
889.961660419589293
893.360362339750509
896.760300659653581
900.161391412181501
903.563554586735677
906.966714202646699
910.370798335693394
913.775739103210867
917.181472613399251
920.587938884358209
923.995081738134900
927.402848674748043
930.811190730710337
934.220062326132165
937.629421104001153
941.039227764770658
944.449445898919976
947.860041819738058
951.270984398176552
954.682244901265108
958.093796835272315
961.505615794504479
964.917679316411181
968.329966743446903
971.742459091979185
975.155138928373390
978.567990252290429
981.980998387116529
985.394149877381324
988.807432392964643
992.220834639841428
995.634346277090458
999.047957839865262
1002.461660668020386
1005.875446840073892
1009.289309112188334
1012.703240861862014
1016.117236036014674
1019.531289103184349
1022.945395009539197
1026.359549138437387
1029.773747273277422
1033.187985563391749
1036.602260492753430
1040.016568851282727
1043.430907708546783
1046.845274389665974
1050.259666453254113
1053.674081671219255
1057.088518010287089
1060.502973615094106
1063.917446792729606
1067.331935998597373
1070.746439823499941
1074.160956981830168
1077.575486300783041
1080.990026710501752
1084.404577235076658
1087.819136984324132
1091.233705146282318
1094.648280980356503
1098.062863811065199
1101.477453022328973
1104.892048052256769
1108.306648388391977
1111.721253563370283
1115.135863150958357
1118.550476762439985
1121.965094043319141
1125.379714670310932
1128.794338348595375
1132.208964809316967
1135.623593807296857
1139.038225118953960
1142.452858540397756
1145.867493885702061
1149.282130985317963
1152.696769684636138
1156.111409842668763
1159.526051330850123
1162.940694031944759
1166.355337839046115
1169.769982654670457
1173.184628389923773
1176.599274963745756
1180.013922302221999
1183.428570337950077
1186.843219009468839
1190.257868260735904
1193.672518040646992
1197.087168302601185
1200.501819004107119
1203.916470106417592
1207.331121574200552
1210.745773375239878
1214.160425480157528
1217.575077862166154
1220.989730496839002
1224.404383361902774
1227.819036437047544
1231.233689703753271
1234.648343145134049
1238.062996745790542
1241.477650491682198
1244.892304370005604
1248.306958369086260
1251.721612478278530
1255.136266687875377
1258.550920989026054
1261.965575373659021
1265.380229834415104
1268.794884364583368
1272.209538958044732
1275.624193609219674
1279.038848313020026
1282.453503064806682
1285.868157860349584
1289.282812695790881
1292.697467567613103
1296.112122472609599
1299.526777407855889
1302.941432370684652
1306.356087358664581
1309.770742369578102
1313.185397401404316
1316.600052452298769
1320.014707520580941
1323.429362604717653
1326.844017703311238
