# Data y including noise
145477.787362864619354
146134.866558093403000
143791.046512114553479
148618.331343243276933
141061.976251660118578
144302.636156930879224
143998.322273270576261
143711.306649467034731
149150.359965599171119
147949.146178299823077
152017.888558191596530
148517.444718816783279
151048.688574161729775
151063.048147001944017
155254.593053879943909
158290.858756572706625
159950.411678067961475
158946.128352413623361
171442.841085334977834
173882.401453314843820
175290.511012109520379
178021.547278537123930
180432.532383271201979
186366.055350494396407
189055.442308210855117
189403.672409802500624
198552.476231188105885
200940.180459909490310
209004.654369872150710
210363.976767050509807
222682.978681699256413
221497.913119654491311
232931.940966332680546
237795.076967659144429
237333.343689047673251
242857.644501099013723
248537.323313408414833
246056.234394567145500
250262.207606275536818
254878.641170718416106
254534.075486248708330
249932.002380093588727
246402.753072897641687
248623.040539657580666
242569.740653219312662
243074.983101269172039
238174.478041423921240
235513.053143709665164
230350.002066269313218
227434.356547191186110
222395.730276272079209
214460.265199723973637
211647.347958742931951
202155.678802747017471
196370.331760054163169
184118.711010447761510
172334.279736411641352
160080.171124895074172
143173.926385371334618
137549.859444631700171
122141.586748390938737
114456.829096557150478
100009.691962945507839
85121.054963285976555
79425.736224076899816
69780.469436572369887
55848.283788423868828
54977.662457154670847
48119.049455312175269
39908.573505686050339
33296.686568495773827
27072.833549772272818
24827.394563992849726
17591.813942691613192
14018.106393329817365
10163.941193566832226
10073.925994974502828
12897.920958032558701
6213.330499901583607
10227.671840344268276
9168.291258255685534
3895.688413448787742
9518.830110201637581
3348.495830533731350
9558.668976897077300
3438.900261162340030
1112.673443087182932
-1050.072260823218585
-473.433575015181987
-1454.513005484343466
2312.861768616909558
384.458286270783219
1105.010618525895552
-1329.977523755119819
-4070.230087963650476
1184.487575545005939
522.045947637370205
-778.676259028205891
1623.249871573255859
516.813251882120653
1604.997073338242444
-1273.380422993373259
-3101.326903337349904
-465.954708129010953
-3379.867047373584683
